Accuracy: 0.954074
Precision: 0.948333